865007 @#$#@ 法老 @#$#@ 6966840 @#$#@ 3950703 @#$#@ 2061626302 1988564487 1965928052 1826189041 2045943936 1969908030 2061994387 1336856498 2045332345 1488990357
2843 @#$#@ 郭顶 @#$#@ 349660440 @#$#@ 3328643 @#$#@ 436346833 441491828 85571 442869203 442867218 442869201 442869204 442869196 85578 1327566544
1192268 @#$#@ 小霞 @#$#@ null @#$#@ null @#$#@ 2049512697 1901319325 1979736773 1901320263 399343373 1901319324 1901320261 399342352 1901320259 1901319327
1024308 @#$#@ 张碧晨 @#$#@ 37132109 @#$#@ 1634390 @#$#@ 2057534370 449577636 2046990697 2043126974 574919767 2045089380 32619064 2056207543 1968060180 2061887798
1143033 @#$#@ 队长 @#$#@ 70436671 @#$#@ 3571399 @#$#@ 1895330088 488249475 1907766514 1844449888 1971912772 2025186881 1363642136 1979731860 1844448537 1465310744
14312549 @#$#@ 王贰浪 @#$#@ 328199093 @#$#@ 3620919 @#$#@ 1403318151 2021373243 1968781675 2026812798 1331819951 2013101914 2042256453 1425814935 571338279 2052404492
36985903 @#$#@ 海洋Bo @#$#@ 1369244318 @#$#@ 312319 @#$#@ 2049512697 2041974276 1979417838 2041799838 2045946501 1996413028 2020321971 2041253165 2042604359 1803674043
29051613 @#$#@ 郑润泽 @#$#@ 542203503 @#$#@ 1210221 @#$#@ 1842728629 1926623288 2024035483 2018733994 1406083061 1996909642 1303464858 2007336134 2025186881 2046186937
6731 @#$#@ 赵雷 @#$#@ 93504818 @#$#@ 3877233 @#$#@ 1974443814 447926067 29567193 436514312 202373 202369 447926063 1974443815 29567189 29567192
33259235 @#$#@ 梨冻紧 @#$#@ 345757844 @#$#@ 48394 @#$#@ 1456890009 1393138949 1930193513 1889155784 1986192885 2003324060 2060065224 1913548921 1922333550 1974620656
